name: spkr
channels:
  - conda-forge
  - defaults
dependencies:
  - asttokens=2.4.1=pyhd8ed1ab_0
  - bzip2=1.0.8=hcfcfb64_5
  - ca-certificates=2024.2.2=h56e8100_0
  - colorama=0.4.6=pyhd8ed1ab_0
  - comm=0.2.2=pyhd8ed1ab_0
  - debugpy=1.8.1=py312h53d5487_0
  - decorator=5.1.1=pyhd8ed1ab_0
  - exceptiongroup=1.2.0=pyhd8ed1ab_2
  - executing=2.0.1=pyhd8ed1ab_0
  - importlib-metadata=7.1.0=pyha770c72_0
  - importlib_metadata=7.1.0=hd8ed1ab_0
  - ipykernel=6.29.3=pyha63f2e9_0
  - ipython=8.22.2=pyh7428d3b_0
  - jedi=0.19.1=pyhd8ed1ab_0
  - jupyter_client=8.6.1=pyhd8ed1ab_0
  - jupyter_core=5.7.2=py312h2e8e312_0
  - libexpat=2.6.2=h63175ca_0
  - libffi=3.4.2=h8ffe710_5
  - libsodium=1.0.18=h8d14728_1
  - libsqlite=3.45.3=hcfcfb64_0
  - libzlib=1.2.13=hcfcfb64_5
  - matplotlib-inline=0.1.7=pyhd8ed1ab_0
  - nest-asyncio=1.6.0=pyhd8ed1ab_0
  - openssl=3.3.0=hcfcfb64_0
  - packaging=24.0=pyhd8ed1ab_0
  - parso=0.8.4=pyhd8ed1ab_0
  - pickleshare=0.7.5=py_1003
  - pip=24.0=pyhd8ed1ab_0
  - platformdirs=4.2.1=pyhd8ed1ab_0
  - prompt-toolkit=3.0.42=pyha770c72_0
  - psutil=5.9.8=py312he70551f_0
  - pure_eval=0.2.2=pyhd8ed1ab_0
  - pygments=2.18.0=pyhd8ed1ab_0
  - python=3.12.3=h2628c8c_0_cpython
  - python_abi=3.12=4_cp312
  - pywin32=306=py312h53d5487_2
  - pyzmq=26.0.2=py312hd7027bb_0
  - setuptools=69.5.1=pyhd8ed1ab_0
  - six=1.16.0=pyh6c4a22f_0
  - stack_data=0.6.2=pyhd8ed1ab_0
  - tk=8.6.13=h5226925_1
  - tornado=6.4=py312he70551f_0
  - traitlets=5.14.3=pyhd8ed1ab_0
  - typing_extensions=4.11.0=pyha770c72_0
  - ucrt=10.0.22621.0=h57928b3_0
  - vc=14.3=hcf57466_18
  - vc14_runtime=14.38.33130=h82b7239_18
  - vs2015_runtime=14.38.33130=hcb4865c_18
  - wcwidth=0.2.13=pyhd8ed1ab_0
  - wheel=0.43.0=pyhd8ed1ab_1
  - xz=5.2.6=h8d14728_0
  - zeromq=4.3.5=he0c23c2_3
  - zipp=3.17.0=pyhd8ed1ab_0
  - pip:
      - absl-py==2.1.0
      - attrs==23.2.0
      - audioread==3.0.1
      - certifi==2024.2.2
      - cffi==1.16.0
      - charset-normalizer==3.3.2
      - contourpy==1.2.1
      - cycler==0.12.1
      - dill==0.3.8
      - editdistance==0.8.1
      - einops==0.8.0
      - filelock==3.13.1
      - flashlight-text==0.0.7
      - fonttools==4.51.0
      - fsspec==2024.2.0
      - grpcio==1.63.0
      - hypothesis==6.102.4
      - idna==3.7
      - intel-openmp==2021.4.0
      - jinja2==3.1.3
      - joblib==1.4.2
      - kenlm==0.2.0
      - kiwisolver==1.4.5
      - lazy-loader==0.4
      - librosa==0.10.2.post1
      - llvmlite==0.42.0
      - markdown==3.6
      - markupsafe==2.1.5
      - matplotlib==3.8.4
      - mkl==2021.4.0
      - mpmath==1.2.1
      - msgpack==1.0.8
      - multiprocess==0.70.16
      - networkx==3.2.1
      - numba==0.59.1
      - numpy==1.26.4
      - opencv-python==4.9.0.80
      - pandas==2.2.2
      - pesq==0.0.4
      - pillow==10.3.0
      - pooch==1.8.1
      - protobuf==5.26.1
      - pycparser==2.22
      - pygtrie==2.5.0
      - pyparsing==3.1.2
      - pystoi==0.4.1
      - python-dateutil==2.9.0.post0
      - pytz==2024.1
      - requests==2.32.2
      - scikit-learn==1.4.2
      - scipy==1.13.0
      - seaborn==0.13.2
      - sentencepiece==0.2.0
      - sortedcontainers==2.4.0
      - soundfile==0.12.1
      - soxr==0.3.7
      - sympy==1.12
      - tbb==2021.11.0
      - tensorboard==2.16.2
      - tensorboard-data-server==0.7.2
      - threadpoolctl==3.5.0
      - torch==2.4.0.dev20240506+cu121
      - torch-tb-profiler==0.4.3
      - torchaudio==2.2.0.dev20240506+cu121
      - torchsummary==1.5.1
      - torchvision==0.19.0.dev20240506+cu121
      - tqdm==4.66.4
      - tzdata==2024.1
      - urllib3==2.2.1
      - werkzeug==3.0.3
prefix: C:\Users\leben\miniconda3\envs\spkr
